2 0.55587 0.724806 0.0195652 0.0232558
2 0.645652 0.0574935 0.0217391 0.0219638
2 0.76413 0.895995 0.0195652 0.0452196
2 0.868043 0.564922 0.0317391 0.0277778
2 0.159783 0.396964 0.0152174 0.0251938
2 0.548043 0.723514 0.023913 0.0193798
2 0.36913 0.555556 0.026087 0.0232558
2 0.170217 0.221253 0.0291304 0.0226098
2 0.0691304 0.571705 0.0330435 0.0555556
2 0.676739 0.240633 0.0195652 0.0497416
2 0.569348 0.237403 0.0343478 0.0652455
2 0.56913 0.225775 0.0356522 0.0290698
2 0.549565 0.0545866 0.0208696 0.0174419
2 0.0697826 0.891796 0.036087 0.0381137
2 0.953261 0.390181 0.0178261 0.0206718
2 0.171087 0.88792 0.0256522 0.0251938
2 0.0617391 0.898256 0.0173913 0.0484496
2 0.569565 0.576227 0.0365217 0.0671835
2 0.769348 0.556848 0.0273913 0.0258398
2 0.169348 0.904716 0.036087 0.0755814
2 0.96913 0.572997 0.0373913 0.0671835
2 0.845217 0.388566 0.0217391 0.0187338
2 0.95913 0.728036 0.0147826 0.0310078
2 0.96913 0.559755 0.0347826 0.0290698
2 0.362826 0.896318 0.0186957 0.0394057
2 0.463913 0.896318 0.0191304 0.0432817
2 0.162609 0.563307 0.02 0.0439276
2 0.266739 0.895349 0.0308696 0.0284238
2 0.468696 0.569444 0.0330435 0.0613695
2 0.864348 0.898902 0.0191304 0.0394057
2 0.0695652 0.238372 0.033913 0.0594315
2 0.0645652 0.228682 0.0195652 0.0348837
2 0.469783 0.900517 0.0343478 0.0607235
2 0.745435 0.0629845 0.0195652 0.0239018
2 0.369348 0.906331 0.0369565 0.0736434
2 0.454348 0.0736434 0.0226087 0.0413437
2 0.668913 0.219315 0.023913 0.0200258
2 0.150652 0.0704134 0.0352174 0.0736434
2 0.747609 0.0542636 0.0204348 0.0180879
2 0.563478 0.89438 0.0182609 0.0394057
2 0.154565 0.389858 0.0230435 0.0226098
2 0.161957 0.89761 0.016087 0.0445736
2 0.946739 0.723837 0.0247826 0.0239018
2 0.266087 0.556525 0.0165217 0.0200258
2 0.053913 0.0565245 0.0217391 0.0342377
2 0.857391 0.393734 0.0173913 0.0277778
2 0.669565 0.890181 0.0295652 0.0310078
2 0.163261 0.228359 0.0186957 0.0316537
2 0.546957 0.731266 0.0226087 0.0245478
2 0.541304 0.394703 0.0182609 0.0322997
2 0.941304 0.729005 0.0165217 0.0264858
2 0.758261 0.392765 0.0156522 0.0361757
2 0.256957 0.389535 0.0182609 0.0271318
2 0.172826 0.557817 0.0195652 0.0329457
2 0.450652 0.72416 0.0273913 0.0413437
2 0.840652 0.398256 0.0178261 0.0264858
2 0.57 0.900194 0.0347826 0.0626615
2 0.0452174 0.0578165 0.0234783 0.0329457
2 0.972174 0.892765 0.026087 0.0361757
2 0.556739 0.390827 0.0178261 0.0348837
2 0.154348 0.724806 0.0217391 0.0361757
2 0.957609 0.395349 0.016087 0.0297158
2 0.462826 0.226421 0.0178261 0.0316537
2 0.77087 0.888566 0.0286957 0.0303618
2 0.357609 0.391796 0.0169565 0.0368217
2 0.150652 0.396964 0.0230435 0.0277778
2 0.152609 0.411176 0.0330435 0.0768734
2 0.284348 0.231912 0.0156522 0.0245478
2 0.0565217 0.39115 0.0182609 0.0355297
2 0.656522 0.388889 0.0182609 0.0284238
2 0.741087 0.395349 0.0178261 0.0322997
2 0.462609 0.561693 0.0182609 0.0342377
2 0.140652 0.728036 0.0169565 0.0310078
2 0.357609 0.725775 0.016087 0.0342377
2 0.653696 0.722868 0.0230435 0.0361757
2 0.644348 0.725129 0.0234783 0.0368217
2 0.0417391 0.730297 0.0173913 0.0290698
2 0.0641304 0.562661 0.0186957 0.0322997
2 0.258043 0.0574935 0.016087 0.0335917
2 0.35587 0.0545866 0.0204348 0.0329457
2 0.962391 0.562661 0.0169565 0.0335917
2 0.0413043 0.394703 0.0182609 0.0322997
2 0.955 0.722222 0.0204348 0.0284238
2 0.266087 0.230297 0.0173913 0.0251938
2 0.869565 0.555233 0.0243478 0.0200258
2 0.641304 0.395349 0.0182609 0.0310078
2 0.859348 0.0655685 0.0152174 0.0239018
2 0.341304 0.394057 0.0182609 0.0310078
2 0.763478 0.562339 0.0173913 0.0329457
2 0.341739 0.728682 0.0182609 0.0322997
2 0.561739 0.22739 0.0165217 0.0310078
2 0.559348 0.731912 0.0152174 0.0271318
2 0.769565 0.902455 0.0356522 0.0710594
2 0.0758696 0.892442 0.0186957 0.0290698
2 0.657391 0.0610465 0.0165217 0.0277778
2 0.241739 0.395026 0.0173913 0.0290698
2 0.849348 0.72739 0.0265217 0.0387597
2 0.362826 0.22739 0.0169565 0.0310078
2 0.563261 0.562984 0.0169565 0.0355297
2 0.34087 0.0604005 0.0156522 0.0251938
2 0.257826 0.726421 0.0156522 0.0342377
2 0.0591304 0.728682 0.0147826 0.0322997
2 0.865 0.23062 0.0178261 0.0258398
2 0.664565 0.231266 0.0169565 0.0258398
2 0.848044 0.0633075 0.0221739 0.0258398
2 0.677609 0.229974 0.0143478 0.0245478
2 0.878478 0.893411 0.016087 0.0284238
2 0.778043 0.234496 0.0152174 0.0206718
2 0.363043 0.562984 0.0165217 0.0303618
2 0.759783 0.0639535 0.0152174 0.0258398
2 0.954348 0.0549096 0.0252174 0.0310078
2 0.241522 0.729005 0.0178261 0.0277778
2 0.864348 0.567506 0.0165217 0.0251938
2 0.241304 0.0616925 0.0173913 0.0290698
2 0.377174 0.893734 0.016087 0.0277778
2 0.176087 0.227067 0.0182609 0.0251938
2 0.377391 0.226744 0.0165217 0.0258398
2 0.075 0.227713 0.0186957 0.0264858
2 0.578043 0.227067 0.016087 0.0277778
2 0.473478 0.55814 0.0191304 0.0284238
2 0.15087 0.0513566 0.0321739 0.0303618
2 0.445 0.396641 0.016087 0.0232558
2 0.640435 0.0639535 0.0173913 0.0284238
2 0.476957 0.226098 0.0156522 0.0219638
2 0.776956 0.561693 0.0173913 0.0239018
2 0.876957 0.56686 0.0156522 0.0239018
2 0.873913 0.228359 0.0208696 0.0264858
2 0.459783 0.396318 0.0143478 0.0277778
2 0.574783 0.893411 0.02 0.0284238
2 0.47413 0.893734 0.0204348 0.0264858
2 0.766087 0.234819 0.0156522 0.0226098
2 0.976304 0.560401 0.0169565 0.0264858
2 0.0756522 0.562016 0.0191304 0.0258398
2 0.576957 0.561047 0.0173913 0.0264858
2 0.176739 0.893411 0.016087 0.0232558
2 0.663696 0.56137 0.0152174 0.0245478
2 0.55913 0.0655685 0.013913 0.0226098
2 0.756087 0.728036 0.0147826 0.0297158
2 0.541739 0.0655685 0.0165217 0.0239018
2 0.739783 0.729651 0.0152174 0.0277778
2 0.048913 0.750969 0.0326087 0.0717054
2 0.249348 0.0965762 0.0334783 0.0510336
2 0.962826 0.23385 0.0143478 0.0219638
2 0.650652 0.765504 0.0352174 0.0516796
2 0.94 0.398256 0.0173913 0.0264858
2 0.458913 0.0652455 0.0143478 0.0206718
2 0.376957 0.56137 0.0156522 0.0258398
2 0.28 0.566537 0.013913 0.0219638
2 0.679348 0.561047 0.0143478 0.0200258
2 0.349348 0.748708 0.0326087 0.0775194
2 0.441522 0.0665375 0.016087 0.0219638
2 0.549348 0.41376 0.0343478 0.0781654
2 0.65087 0.431525 0.0347826 0.0516796
2 0.74913 0.415052 0.0347826 0.0781654
2 0.250435 0.765827 0.0347826 0.0484496
2 0.870217 0.922481 0.0378261 0.0710594
2 0.249565 0.414406 0.0330435 0.0781654
2 0.971304 0.925388 0.0373913 0.0626615
2 0.0491304 0.416021 0.0347826 0.0762274
2 0.348913 0.414406 0.0334783 0.0768734
2 0.26413 0.564922 0.0143478 0.0251938
2 0.14913 0.763889 0.0321739 0.0536176
2 0.449565 0.746124 0.0347826 0.0826873
2 0.948696 0.432171 0.0347826 0.0529716
2 0.64913 0.0985142 0.0347826 0.0510336
2 0.75087 0.0998062 0.033913 0.0497416
2 0.0493478 0.0801034 0.0343478 0.0801034
2 0.969565 0.596899 0.0373913 0.0503876
2 0.850435 0.747093 0.033913 0.0807494
2 0.551304 0.766796 0.0347826 0.0529716
2 0.468478 0.596576 0.036087 0.0471576
2 0.978261 0.235788 0.0173913 0.0180879
2 0.350652 0.0959302 0.0352174 0.0458656
2 0.848478 0.419574 0.0352174 0.0742894
2 0.168913 0.590116 0.0378261 0.0587855
2 0.267826 0.920543 0.0365217 0.0762274
2 0.670435 0.267442 0.0356522 0.0478036
2 0.95087 0.763566 0.0347826 0.0465116
2 0.769783 0.928295 0.0369565 0.0529716
2 0.57 0.598837 0.0365217 0.0478036
2 0.452391 0.431848 0.0343478 0.0484496
2 0.570217 0.262597 0.0378261 0.0523256
2 0.0702174 0.928941 0.0369565 0.0555556
2 0.153043 0.434109 0.0356522 0.0478036
2 0.870435 0.605297 0.0356522 0.0439276
2 0.0697826 0.264858 0.0352174 0.0490956
2 0.369348 0.930556 0.0378261 0.0536176
2 0.270652 0.602067 0.036087 0.0439276
2 0.369783 0.600452 0.036087 0.0445736
2 0.748043 0.767119 0.036087 0.0510336
2 0.170217 0.263243 0.0369565 0.0510336
2 0.551957 0.0985142 0.036087 0.0497416
2 0.85087 0.0981912 0.0356522 0.0503876
2 0.370217 0.262597 0.0369565 0.0523256
2 0.0697826 0.599483 0.036087 0.0452196
2 0.953043 0.0936693 0.0356522 0.0555556
2 0.151522 0.0943152 0.0369565 0.0465116
2 0.57 0.933463 0.0365217 0.0490956
2 0.769783 0.599483 0.036087 0.0452196
2 0.668913 0.922481 0.0378261 0.0645995
2 0.17 0.929587 0.0365217 0.0490956
2 0.771304 0.268088 0.0356522 0.0478036
2 0.672174 0.597222 0.0365217 0.0445736
2 0.47 0.932817 0.0365217 0.0490956
2 0.273043 0.268088 0.0365217 0.0490956
2 0.46913 0.263243 0.0365217 0.0458656
2 0.87087 0.267765 0.0356522 0.0471576
2 0.451522 0.101744 0.0352174 0.0484496
2 0.96913 0.270995 0.0365217 0.0458656
