2 0.493707 0.243182 0.0409062 0.0129371
2 0.654185 0.151573 0.0358716 0.0136364
2 0.783826 0.426399 0.0484582 0.0143357
2 0.358087 0.422727 0.0415356 0.013986
2 0.211454 0.423951 0.0503461 0.0143357
2 0.367527 0.329895 0.0352423 0.0157343
1 0.5 0.921329 1 0.151049
2 0.638137 0.241608 0.0427942 0.0174825
2 0.0770925 0.330769 0.0358716 0.0146853
2 0.792008 0.512063 0.030837 0.0164336
2 0.20988 0.967133 0.0396476 0.0174825
2 0.506923 0.87972 0.0421649 0.0160839
2 0.657961 0.33479 0.0446822 0.0143357
2 0.793896 0.87972 0.0421649 0.0160839
2 0.091567 0.605245 0.027061 0.0160839
2 0.638452 0.786364 0.0421649 0.0181818
2 0.521712 0.515734 0.0314663 0.0167832
2 0.772498 0.241783 0.0258024 0.0157343
2 0.935494 0.152273 0.0434235 0.0143357
2 0.79484 0.241783 0.0264317 0.0143357
2 0.944934 0.331993 0.0396476 0.0129371
2 0.935494 0.423427 0.0396476 0.013986
2 0.0770925 0.878497 0.0371303 0.0164336
2 0.796098 0.331294 0.0377596 0.0164336
2 0.207363 0.0589161 0.0320957 0.0171329
2 0.938955 0.694056 0.0402769 0.013986
2 0.784456 0.60507 0.0471995 0.015035
2 0.0673379 0.242657 0.0478288 0.0160839
2 0.509755 0.151573 0.0465702 0.0143357
2 0.501888 0.515909 0.030837 0.0164336
2 0.64443 0.0604895 0.0490875 0.0160839
2 0.351794 0.0608392 0.0503461 0.0153846
2 0.796413 0.15 0.0383889 0.0153846
2 0.633417 0.967832 0.0333543 0.0167832
2 0.0805538 0.697028 0.0503461 0.0164336
2 0.924795 0.242483 0.0484582 0.0157343
2 0.367527 0.151049 0.0453115 0.0174825
2 0.495595 0.970105 0.0434235 0.015035
2 0.512272 0.695804 0.0490875 0.013986
2 0.919446 0.968881 0.0390183 0.0153846
2 0.513216 0.334266 0.0484582 0.0160839
2 0.655758 0.698601 0.0566394 0.0167832
2 0.925739 0.0613636 0.0440529 0.015035
2 0.784456 0.971154 0.0509755 0.0129371
2 0.797042 0.697902 0.0534928 0.0167832
2 0.225299 0.697028 0.0553807 0.0171329
1 0.5 0.695105 1 0.190909
2 0.500629 0.39965 0.0245437 0.0258741
2 0.211768 0.581469 0.027061 0.0286713
2 0.228131 0.856119 0.0258024 0.0269231
2 0.928257 0.401573 0.0251731 0.0255245
2 0.926998 0.582692 0.0264317 0.0255245
2 0.212712 0.763462 0.0251731 0.0262238
2 0.368471 0.854895 0.027061 0.0251748
2 0.500315 0.582867 0.0264317 0.0237762
2 0.640025 0.401923 0.0264317 0.0255245
2 0.78477 0.581469 0.0276904 0.0251748
2 0.213027 0.219755 0.0258024 0.0262238
2 0.3691 0.672902 0.027061 0.0276224
2 0.802077 0.856294 0.0245437 0.0251748
2 0.654185 0.85542 0.0258024 0.0248252
2 0.928257 0.218881 0.0251731 0.0244755
2 0.515104 0.855245 0.0283197 0.0251748
2 0.357772 0.583566 0.0283197 0.0272727
2 0.212398 0.400524 0.0258024 0.0248252
2 0.0698553 0.763462 0.0251731 0.0262238
2 0.93927 0.672902 0.0258024 0.0234266
2 0.211768 0.944755 0.027061 0.0265734
2 0.35494 0.76486 0.0251731 0.0227273
2 0.928571 0.0370629 0.0258024 0.0237762
2 0.643486 0.219755 0.0283197 0.0248252
2 0.655758 0.67465 0.0264317 0.0255245
2 0.357143 0.946329 0.0245437 0.0241259
2 0.944305 0.309441 0.027061 0.0251748
2 0.0704846 0.217308 0.0251731 0.0276224
2 0.0827565 0.307168 0.0258024 0.0262238
2 0.0862177 0.490734 0.0276904 0.0262238
2 0.798301 0.31014 0.0258024 0.0230769
2 0.370359 0.307692 0.0258024 0.0265734
2 0.657961 0.31049 0.0258024 0.0258741
2 0.640969 0.763986 0.0258024 0.0223776
2 0.227502 0.309615 0.0245437 0.0248252
2 0.0837004 0.854196 0.0276904 0.0251748
2 0.356199 0.218706 0.0276904 0.0255245
2 0.784456 0.219755 0.0258024 0.0241259
2 0.798301 0.673776 0.0258024 0.0244755
2 0.0720579 0.582692 0.027061 0.0248252
2 0.512587 0.673427 0.027061 0.0237762
2 0.931089 0.947378 0.0258024 0.0213287
2 0.353052 0.0370629 0.0264317 0.0258741
2 0.657017 0.127273 0.0264317 0.0251748
2 0.5 0.764336 0.0245437 0.0251748
2 0.515419 0.309965 0.0264317 0.0255245
2 0.0843298 0.127622 0.0251731 0.0230769
2 0.501259 0.946853 0.027061 0.0244755
2 0.0846444 0.673776 0.0283197 0.0251748
2 0.514789 0.492483 0.0276904 0.0241259
2 0.371303 0.126573 0.0251731 0.0258741
2 0.798301 0.491084 0.027061 0.0227273
2 0.498427 0.21993 0.0251731 0.0216783
2 0.227816 0.127797 0.0251731 0.0227273
2 0.655444 0.490909 0.0258024 0.0230769
2 0.802077 0.126224 0.0245437 0.0237762
2 0.64034 0.583392 0.027061 0.0248252
2 0.941787 0.854545 0.0283197 0.0230769
2 0.370359 0.48986 0.0258024 0.0237762
2 0.78477 0.0368881 0.0264317 0.0234266
2 0.926998 0.763986 0.0264317 0.0251748
2 0.226243 0.672727 0.027061 0.0258741
2 0.941787 0.127273 0.0258024 0.0244755
2 0.786029 0.765035 0.0276904 0.0244755
2 0.218062 0.0353147 0.0258024 0.0265734
2 0.641284 0.0384615 0.0251731 0.0230769
2 0.0679673 0.402448 0.0251731 0.0230769
2 0.943361 0.491084 0.0276904 0.0241259
2 0.0698553 0.0356643 0.0239144 0.0251748
2 0.787288 0.946678 0.0276904 0.0227273
2 0.0714286 0.948951 0.0258024 0.0244755
2 0.35494 0.399825 0.0264317 0.0248252
2 0.640969 0.945105 0.027061 0.0237762
2 0.512587 0.127448 0.0258024 0.022028
2 0.787917 0.401399 0.0264317 0.0244755
2 0.499056 0.0363636 0.0264317 0.0237762
2 0.226243 0.490385 0.0258024 0.0227273
