2 0.107667 0.956346 0.0593333 0.0257692
2 0.593 0.654038 0.0593333 0.0319231
2 0.923667 0.856731 0.0606667 0.0334615
2 0.443667 0.955385 0.0593333 0.03
2 0.606667 0.759231 0.06 0.0230769
2 0.590667 0.456538 0.0613333 0.0276923
2 0.253667 0.456346 0.0686667 0.0288462
2 0.596 0.856731 0.0626667 0.0273077
2 0.256 0.660192 0.0626667 0.0203846
2 0.423667 0.254808 0.0606667 0.0288462
2 0.089 0.457692 0.0633333 0.0261538
2 0.941667 0.155962 0.0606667 0.0280769
2 0.426333 0.656154 0.0606667 0.0269231
2 0.604667 0.556538 0.064 0.0276923
2 0.274667 0.355769 0.06 0.0284615
2 0.592333 0.255769 0.0606667 0.0292308
2 0.937 0.356154 0.062 0.0307692
2 0.089 0.0576923 0.062 0.0253846
2 0.444667 0.353462 0.0626667 0.0323077
2 0.773 0.558269 0.0633333 0.025
2 0.274667 0.958462 0.06 0.0238462
2 0.275 0.559038 0.0593333 0.0234615
2 0.772333 0.958846 0.0606667 0.0238462
2 0.275 0.157885 0.0606667 0.0242308
2 0.103333 0.357692 0.06 0.0276923
2 0.104667 0.562115 0.048 0.0157692
2 0.942667 0.557115 0.06 0.0257692
2 0.424667 0.456538 0.06 0.0276923
2 0.941333 0.755962 0.06 0.0288462
2 0.275 0.757885 0.0606667 0.025
2 0.441333 0.552115 0.0613333 0.0342308
2 0.755 0.659038 0.062 0.0226923
2 0.592 0.0561538 0.0613333 0.0284615
2 0.092 0.653654 0.0653333 0.0311538
2 0.753333 0.860962 0.0586667 0.0188462
2 0.107667 0.156538 0.062 0.0307692
2 0.607 0.359038 0.062 0.0257692
2 0.774 0.158269 0.0653333 0.0242308
2 0.255667 0.258269 0.062 0.025
2 0.442667 0.155769 0.0613333 0.0292308
2 0.608333 0.957115 0.0606667 0.0334615
2 0.755 0.0598077 0.062 0.0219231
2 0.110667 0.754615 0.06 0.0284615
2 0.425 0.055 0.0606667 0.03
2 0.754667 0.459423 0.0613333 0.0219231
2 0.771333 0.355577 0.0626667 0.0280769
2 0.257333 0.852115 0.0666667 0.0319231
2 0.094 0.855769 0.06 0.0323077
2 0.104 0.962885 0.0493333 0.0142308
2 0.425667 0.858077 0.0633333 0.0253846
2 0.445333 0.754808 0.0613333 0.0303846
2 0.926 0.459808 0.06 0.0226923
2 0.924667 0.256731 0.06 0.0265385
2 0.926667 0.0601923 0.0626667 0.0203846
2 0.771667 0.758269 0.0606667 0.0273077
2 0.758 0.255192 0.0586667 0.0280769
2 0.604333 0.152885 0.0646667 0.0303846
2 0.923667 0.655962 0.0593333 0.0273077
2 0.942333 0.951538 0.0606667 0.0315385
2 0.255333 0.0613462 0.0613333 0.0180769
2 0.089 0.255192 0.0606667 0.0288462
2 0.425667 0.540962 0.0646667 0.035
2 0.587667 0.139423 0.0646667 0.0326923
2 0.243667 0.839615 0.066 0.0338462
2 0.923 0.345962 0.066 0.0357692
2 0.09 0.344231 0.064 0.0338462
2 0.0756667 0.843654 0.0606667 0.035
2 0.0786667 0.640577 0.0653333 0.0357692
2 0.242 0.642692 0.064 0.0330769
2 0.740333 0.240769 0.0646667 0.0338462
2 0.0923333 0.740385 0.062 0.0330769
2 0.0923333 0.144423 0.0633333 0.0334615
2 0.243 0.441538 0.0673333 0.0346154
2 0.591333 0.945385 0.06 0.0353846
2 0.0726667 0.24 0.0626667 0.0346154
2 0.575 0.442115 0.0646667 0.0334615
2 0.427667 0.340192 0.062 0.035
2 0.910667 0.845577 0.0613333 0.0342308
2 0.912333 0.0425 0.0633333 0.0326923
2 0.758667 0.541538 0.064 0.0338462
2 0.908667 0.443462 0.06 0.0338462
2 0.924 0.939231 0.0613333 0.0338462
2 0.089 0.542885 0.0606667 0.0342308
2 0.575333 0.643269 0.0653333 0.035
2 0.240667 0.241154 0.0626667 0.0338462
2 0.755333 0.340769 0.0626667 0.0346154
2 0.740667 0.641346 0.064 0.0342308
2 0.0753333 0.441346 0.0653333 0.0342308
2 0.589333 0.541346 0.0613333 0.0342308
2 0.074 0.0415385 0.064 0.0338462
2 0.758667 0.141923 0.064 0.0338462
2 0.906 0.641154 0.0586667 0.0338462
2 0.407 0.240769 0.062 0.0330769
2 0.739667 0.441346 0.0633333 0.0342308
2 0.907 0.241154 0.062 0.0346154
2 0.0913333 0.941923 0.0626667 0.0330769
2 0.740333 0.0411538 0.0633333 0.0338462
2 0.739333 0.841346 0.064 0.0342308
2 0.257333 0.941346 0.0626667 0.0342308
2 0.757333 0.941154 0.064 0.0338462
2 0.258333 0.541346 0.0633333 0.0342308
2 0.924667 0.5425 0.0626667 0.0334615
2 0.257667 0.341154 0.0633333 0.0338462
2 0.257667 0.141154 0.0633333 0.0338462
2 0.41 0.640577 0.064 0.0342308
2 0.257333 0.741154 0.0626667 0.0346154
2 0.41 0.841923 0.0653333 0.0338462
2 0.574667 0.242308 0.0653333 0.0330769
2 0.593333 0.342308 0.064 0.0323077
2 0.577 0.0425 0.0633333 0.0326923
2 0.578333 0.8425 0.0606667 0.0342308
2 0.754 0.7425 0.06 0.0334615
2 0.590333 0.7425 0.062 0.0326923
2 0.405667 0.440962 0.0593333 0.0342308
2 0.426667 0.740962 0.06 0.0334615
2 0.922 0.141346 0.0613333 0.0342308
2 0.405 0.0409615 0.058 0.0334615
2 0.922333 0.741154 0.0606667 0.0346154
2 0.423667 0.141923 0.0606667 0.0330769
2 0.239 0.0421154 0.0606667 0.0326923
2 0.424333 0.943077 0.0606667 0.0346154
