0 0.173616 0.723997 0.0956938 0.117168
0 0.0647642 0.923559 0.0413534 0.085213
2 0.171907 0.725877 0.100478 0.117168
0 0.68216 0.087406 0.0430622 0.0845865
2 0.244532 0.257832 0.0440875 0.0845865
0 0.23069 0.751253 0.0382775 0.075188
0 0.139269 0.0861529 0.0509228 0.0745614
0 0.607997 0.250627 0.0444293 0.0764411
0 0.641661 0.963346 0.0871497 0.0682957
0 0.703008 0.58302 0.0362269 0.0695489
0 0.0642515 0.581767 0.0464798 0.0870927
2 0.155161 0.918233 0.0416951 0.0858396
0 0.79255 0.248747 0.0410116 0.0739348
0 0.928059 0.033208 0.0714286 0.066416
2 0.407382 0.947682 0.075188 0.0933584
2 0.97471 0.93609 0.0464798 0.0914787
0 0.243677 0.262531 0.0519481 0.0927318
2 0.793062 0.248747 0.0427204 0.0776942
2 0.288961 0.953947 0.0762133 0.0883459
0 0.604751 0.906955 0.0454545 0.0820802
2 0.793062 0.579261 0.0413534 0.0733083
2 0.812885 0.0303885 0.0789474 0.0607769
0 0.245044 0.915414 0.0362269 0.0714286
2 0.228469 0.0892857 0.0379357 0.089599
2 0.351675 0.0294486 0.0676692 0.0588972
2 0.881066 0.916667 0.0396446 0.0802005
0 0.971463 0.365915 0.0570745 0.131579
0 0.159433 0.906015 0.0550239 0.107769
0 0.811347 0.0307018 0.0745044 0.0614035
2 0.458988 0.0322682 0.0786056 0.0645363
0 0.792208 0.580827 0.0396446 0.0714286
2 0.752392 0.962093 0.0837321 0.0720551
2 0.245728 0.579261 0.0396446 0.0783208
2 0.23069 0.751566 0.037594 0.0745614
2 0.0639098 0.921366 0.0355434 0.0695489
0 0.75393 0.961153 0.0806562 0.0739348
0 0.108852 0.0300752 0.0700615 0.0601504
0 0.245215 0.582393 0.0399863 0.0745614
0 0.351846 0.0294486 0.0714286 0.0588972
2 0.107656 0.0297619 0.0724539 0.0595238
2 0.880212 0.246554 0.0379357 0.0720551
2 0.318865 0.747807 0.038961 0.0745614
0 0.772386 0.749373 0.0382775 0.0739348
0 0.974197 0.576754 0.0461381 0.0845865
0 0.460355 0.0335213 0.0806562 0.0670426
2 0.640807 0.961779 0.0827068 0.0764411
0 0.319036 0.74718 0.0393028 0.0758145
2 0.230007 0.419173 0.0382775 0.0726817
2 0.702837 0.578321 0.0379357 0.0814536
0 0.429426 0.58302 0.0386193 0.0808271
0 0.592447 0.747494 0.0386193 0.0739348
2 0.51931 0.9198 0.0393028 0.075188
0 0.318182 0.0802005 0.0403281 0.0739348
0 0.880725 0.91604 0.037594 0.0739348
0 0.228811 0.0899123 0.0386193 0.0883459
0 0.0210185 0.0294486 0.0420369 0.0588972
2 0.245215 0.9151 0.0352016 0.0670426
0 0.503418 0.0805138 0.038961 0.0720551
0 0.866541 0.416667 0.0386193 0.0676692
0 0.0452837 0.419486 0.0352016 0.0695489
0 0.684723 0.745927 0.0386193 0.070802
0 0.155332 0.582393 0.0393028 0.0770677
0 0.700273 0.255013 0.0382775 0.075188
0 0.229152 0.419486 0.0379357 0.0695489
2 0.59296 0.74906 0.0382775 0.0733083
2 0.955913 0.746867 0.0382775 0.0726817
0 0.770335 0.422932 0.0396446 0.075188
0 0.340055 0.911967 0.0369105 0.070802
0 0.591593 0.0870927 0.038961 0.075188
2 0.926863 0.0325815 0.0690362 0.0651629
0 0.408578 0.41792 0.0379357 0.075188
0 0.516917 0.251566 0.0399863 0.0745614
0 0.51931 0.918233 0.0399863 0.0758145
0 0.518284 0.58396 0.0413534 0.0814536
0 0.409433 0.746554 0.038961 0.0720551
0 0.865687 0.748747 0.0396446 0.0714286
0 0.0620301 0.250313 0.0427204 0.0745614
0 0.881921 0.584273 0.0393028 0.0720551
0 0.771189 0.0833333 0.0365687 0.0689223
0 0.974368 0.250627 0.0396446 0.0726817
0 0.792891 0.912594 0.0369105 0.0657895
0 0.956938 0.085213 0.0382775 0.0726817
0 0.157724 0.24906 0.0372522 0.0695489
0 0.699419 0.910401 0.0372522 0.0689223
0 0.87987 0.247494 0.0379357 0.075188
0 0.407724 0.0833333 0.0403281 0.075188
0 0.866712 0.0827068 0.0382775 0.0714286
0 0.0452837 0.0842732 0.0399863 0.0720551
