2 0.25035 0.927323 0.0426573 0.0614386
2 0.75035 0.927323 0.0426573 0.0624376
2 0.45035 0.641858 0.0433566 0.0639361
2 0.45035 0.0701798 0.0426573 0.0624376
2 0.0501748 0.0709291 0.0437063 0.0639361
2 0.169755 0.499251 0.0444056 0.0634366
2 0.571853 0.500499 0.0444056 0.0669331
2 0.869755 0.501998 0.0423077 0.0659341
2 0.77028 0.49975 0.0440559 0.0634366
2 0.450175 0.927073 0.0423077 0.0649351
2 0.35035 0.356394 0.0433566 0.0634366
0 0.651399 0.357892 0.0440559 0.0654346
0 0.870455 0.214036 0.043007 0.0634366
0 0.750699 0.0689311 0.0440559 0.0669331
0 0.0501748 0.641608 0.043007 0.0644356
0 0.0503496 0.927073 0.0433566 0.0639361
2 0.570105 0.214036 0.0444056 0.0624376
2 0.0704545 0.500749 0.0416084 0.0664336
2 0.55 0.357642 0.0433566 0.0649351
0 0.970455 0.502248 0.0444056 0.0674326
0 0.952797 0.0729271 0.0433566 0.0649351
2 0.85035 0.355644 0.0426573 0.0619381
2 0.37028 0.214036 0.0440559 0.0614386
2 0.25035 0.0719281 0.0440559 0.0649351
0 0.250175 0.0721778 0.0437063 0.0644356
2 0.550699 0.929071 0.0433566 0.0639361
0 0.150524 0.642108 0.0423077 0.0644356
0 0.549825 0.357642 0.0437063 0.0649351
2 0.15035 0.642108 0.041958 0.0644356
2 0.75 0.640609 0.0433566 0.0654346
0 0.851748 0.642358 0.0440559 0.0659341
0 0.0695804 0.785964 0.0433566 0.0634366
2 0.170455 0.785215 0.0451049 0.0629371
2 0.652098 0.0679321 0.0433566 0.0639361
2 0.750524 0.356394 0.0444056 0.0654346
2 0.651573 0.357393 0.0444056 0.0654346
0 0.349476 0.0726773 0.0444056 0.0644356
2 0.670629 0.784965 0.0447552 0.0614386
0 0.0704545 0.500499 0.0423077 0.0659341
0 0.772028 0.787463 0.041958 0.0634366
2 0.349301 0.0724276 0.0447552 0.0649351
0 0.772378 0.213037 0.0440559 0.0624376
2 0.351049 0.638861 0.0433566 0.0639361
0 0.749825 0.64011 0.0437063 0.0654346
0 0.868706 0.784466 0.0451049 0.0624376
2 0.772028 0.787463 0.0412587 0.0634366
2 0.772028 0.213287 0.0440559 0.0619381
2 0.868706 0.784965 0.0451049 0.0624376
2 0.471853 0.781968 0.0451049 0.0634366
0 0.77028 0.499251 0.0440559 0.0634366
2 0.171503 0.215285 0.0423077 0.0629371
2 0.0695804 0.785964 0.0433566 0.0634366
0 0.35035 0.356144 0.0440559 0.0639361
0 0.750699 0.356394 0.0447552 0.0654346
0 0.85 0.355395 0.0440559 0.0624376
2 0.751049 0.0691808 0.0426573 0.0674326
0 0.0501748 0.0706793 0.0444056 0.0644356
0 0.651748 0.0679321 0.0433566 0.0649351
0 0.550874 0.928571 0.0444056 0.0649351
2 0.870455 0.214286 0.043007 0.0629371
2 0.949825 0.355894 0.0437063 0.0634366
2 0.0501748 0.641608 0.0437063 0.0644356
2 0.970629 0.785714 0.0461538 0.0629371
0 0.170455 0.784965 0.0451049 0.0634366
0 0.150175 0.92957 0.0437063 0.0629371
0 0.351049 0.638861 0.0433566 0.0649351
0 0.45 0.926823 0.0433566 0.0644356
2 0.850699 0.0706793 0.0426573 0.0634366
2 0.449476 0.357892 0.0409091 0.0644356
2 0.0501748 0.927073 0.0437063 0.0639361
0 0.45035 0.0699301 0.0433566 0.0629371
2 0.851748 0.642607 0.0440559 0.0654346
0 0.25035 0.356144 0.0440559 0.0639361
0 0.373427 0.498502 0.0447552 0.0659341
0 0.150175 0.0699301 0.0437063 0.0629371
2 0.970455 0.501998 0.0437063 0.0669331
0 0.670455 0.784715 0.0451049 0.0619381
0 0.350874 0.928571 0.0444056 0.0659341
2 0.15 0.92982 0.0440559 0.0634366
0 0.570105 0.213786 0.0444056 0.0629371
2 0.0487762 0.355395 0.0423077 0.0674326
0 0.670455 0.499501 0.0444056 0.0629371
0 0.549126 0.63986 0.0423077 0.0649351
0 0.869755 0.501998 0.043007 0.0659341
0 0.571853 0.50025 0.0444056 0.0654346
0 0.970629 0.785215 0.0461538 0.0629371
0 0.27028 0.212537 0.0440559 0.0634366
2 0.97028 0.213287 0.0447552 0.0639361
0 0.472028 0.781718 0.0454545 0.0639361
0 0.75035 0.927073 0.0433566 0.0629371
0 0.45035 0.641359 0.0433566 0.0649351
2 0.952622 0.0726773 0.0437063 0.0644356
0 0.171503 0.215035 0.043007 0.0634366
0 0.25035 0.927073 0.0433566 0.0629371
0 0.169755 0.499001 0.0451049 0.0629371
0 0.270105 0.782717 0.0437063 0.0619381
0 0.251573 0.643357 0.0437063 0.0659341
2 0.950524 0.638112 0.043007 0.0644356
0 0.151049 0.356643 0.0447552 0.0659341
0 0.651573 0.643606 0.0437063 0.0644356
0 0.0701049 0.213786 0.043007 0.0629371
0 0.571853 0.786963 0.0437063 0.0634366
0 0.37028 0.213786 0.0440559 0.0619381
0 0.851399 0.929321 0.0433566 0.0664336
0 0.270455 0.5 0.0437063 0.0669331
0 0.471503 0.214036 0.0444056 0.0634366
0 0.472028 0.500999 0.0454545 0.0639361
0 0.648601 0.926074 0.0447552 0.0639361
0 0.950524 0.925824 0.0444056 0.0644356
0 0.670105 0.214785 0.043007 0.0649351
0 0.548252 0.0694306 0.0440559 0.0649351
0 0.370105 0.786214 0.0444056 0.0659341
1 0.500175 0.69955 0.99965 0.198302
1 0.5 0.898851 1 0.201299
